================================================================================
INZENJERSKI OPTIMIZACIONI ALGORITMI
(ENGINEERING OPTIMIZATION ALGORITHMS)
Homework Assignment 8
Autor: Jovan Mosurovic (2022/0589)
================================================================================

NAJBOLJE PRONADJENO RESENJE - GENETICKI ALGORITAM
================================================================================

x=(1, 3, 4, 4, 2, 4, 2, 1, 3, 3, 1, 4, 1, 1, 3, 3, 2, 1, 3, 3, 4, 4, 1, 3, 1, 2, 3, 1, 1, 1, 4, 2, 1, 3, 4, 4, 2, 4, 3, 2, 3, 1, 4, 3, 3, 1, 2, 3, 1, 2, 3, 1, 3, 2, 3, 4, 2, 1, 4, 3, 2, 4, 1, 3, 2, 4, 2, 3, 2, 1, 2, 4, 4, 1, 3, 2, 2, 1, 2, 2, 1, 4, 3, 1, 1, 1, 1, 1, 2, 3, 3, 1, 4, 1, 3, 2, 1, 4, 4, 2)

Minimalna vrednost optimizacione funkcije: 11329 µs


================================================================================
